THIS IS MIXED PRECISION
30000
180.2407813510777999
367.8518751687853410
559.8185079150182446
755.1845661266236220
937.1127107596930728
1117.0855164734757636
1303.0101618387172948
1484.9546494870255628
1657.2058891842327739
1840.5538561050102544
2020.7961025644051460
2191.9411678500159724
2348.2562165229055609
2535.3337212276669561
2694.7895752783142598
2886.3442861798134800
3079.6645628994019717
3278.2543101971341457
3464.9187296120148858
3652.5712513165826749
3832.3555955912888749
4019.1633195735521440
4198.8285010070303542
4381.9656981942962375
4548.9859366827604390
4739.0231074725879807
4939.9265785965844771
5113.7500675686405884
5279.3534662799102080
5473.9358883501872697
5666.0062961832582005
5869.4193628719658591
6055.0690817930490084
6244.3484533762675710
6433.3838266897428184
6618.4700533821805948
6812.1009292507196733
7001.3809952581323159
7175.7298908519742326
7374.3434335288638977
7564.2582602114352994
7742.3326901678992726
7928.0639370591870829
8124.8754954365313097
8294.3110303518078581
8473.9055488315570983
8654.0767016769405018
8851.3854870710201794
9025.7928504390947637
9196.4728671944849339
9394.6180168485079776
9578.4689562807325274
9751.9016020325270802
9927.3739931418567721
10108.0027834349639306
10291.2924217250056245
10488.3660631413149531
10699.0673164490635827
10899.9440334818555129
11067.9991142975068215
