50000
180.2407989501953125
367.8518676757812500
559.8185424804687500
755.1846313476562500
937.1126708984375000
1117.0855712890625000
1303.0098876953125000
1484.9536132812500000
1657.2055664062500000
1840.5538330078125000
2020.7963867187500000
2191.9418945312500000
2348.2565917968750000
2535.3349609375000000
2694.7915039062500000
2886.3471679687500000
3079.6672363281250000
3278.2570800781250000
3464.9206542968750000
3652.5729980468750000
3832.3576660156250000
4019.1647949218750000
4198.8291015625000000
4381.9677734375000000
4548.9882812500000000
4739.0283203125000000
4939.9321289062500000
5113.7548828125000000
5279.6499023437500000
5474.2324218750000000
5666.3032226562500000
5869.7153320312500000
6060.5634765625000000
6245.4257812500000000
6437.7670898437500000
6624.8388671875000000
6818.6318359375000000
7005.6733398437500000
7181.2500000000000000
7378.0532226562500000
7568.9829101562500000
7743.8203125000000000
7931.5078125000000000
8128.6445312500000000
8295.6230468750000000
8475.1738281250000000
8655.8007812500000000
8854.7929687500000000
9032.7685546875000000
9200.6992187500000000
9400.6103515625000000
9585.0195312500000000
9758.3662109375000000
9928.3935546875000000
10110.5839843750000000
10297.6796875000000000
10490.6210937500000000
10701.1552734375000000
10897.7021484375000000
11074.0908203125000000
11280.5869140625000000
11462.0185546875000000
11643.7958984375000000
11829.2705078125000000
12015.3750000000000000
12207.2167968750000000
12398.1621093750000000
12584.5546875000000000
12767.6884765625000000
12951.5185546875000000
13137.4023437500000000
13321.3583984375000000
13508.4462890625000000
13692.9443359375000000
13884.2265625000000000
14060.0087890625000000
14257.1826171875000000
14445.8681640625000000
14618.3691406250000000
14808.9023437500000000
14993.3037109375000000
15178.2031250000000000
15382.1250000000000000
15566.5214843750000000
15753.7011718750000000
15925.2070312500000000
16102.7685546875000000
16307.7822265625000000
16489.2832031250000000
16696.7968750000000000
16884.0742187500000000
17074.8632812500000000
17270.5996093750000000
17472.2539062500000000
17636.6972656250000000
17827.7304687500000000
17999.8964843750000000
18186.4609375000000000
18374.2050781250000000
18570.4433593750000000
