20000
180.2407989501953125
367.8518676757812500
559.8185424804687500
755.1846313476562500
937.1126708984375000
1117.0855712890625000
1303.0098876953125000
1484.9536132812500000
1657.2055664062500000
1840.5538330078125000
2020.7963867187500000
2191.9418945312500000
2348.2565917968750000
2535.3349609375000000
2694.7915039062500000
2886.3471679687500000
3079.6672363281250000
3278.2570800781250000
3464.9206542968750000
3652.5729980468750000
3832.3576660156250000
4019.1647949218750000
4198.8291015625000000
4381.9677734375000000
4548.9882812500000000
4739.0283203125000000
4939.9321289062500000
5113.7548828125000000
5279.6499023437500000
5474.2324218750000000
5666.3032226562500000
5869.7153320312500000
6060.5634765625000000
6245.4257812500000000
6437.7670898437500000
6624.8388671875000000
6818.6318359375000000
7005.6733398437500000
7181.2500000000000000
7378.0532226562500000
