THIS IS MIXED PRECISION
90000
180.2407813510777999
367.8518751687853410
559.8185079150182446
755.1845661266236220
937.1127107596930728
1117.0855164734757636
1303.0101618387172948
1484.9546494870255628
1657.2058891842327739
1840.5538561050102544
2020.7961025644051460
2191.9411678500159724
2348.2562165229055609
2535.3337212276669561
2694.7895752783142598
2886.3442861798134800
3079.6645628994019717
3278.2543101971341457
3464.9187296120148858
3652.5712513165826749
3832.3555955912888749
4019.1633195735521440
4198.8285010070303542
4381.9656981942962375
4548.9859366827604390
4739.0231074725879807
4939.9265785965844771
5113.7500675686405884
5279.3534662799102080
5473.9358883501872697
5666.0062961832582005
5869.4193628719658591
6055.0690817930490084
6244.3484533762675710
6433.3838266897428184
6618.4700533821805948
6812.1009292507196733
7001.3809952581323159
7175.7298908519742326
7374.3434335288638977
7564.2582602114352994
7742.3326901678992726
7928.0639370591870829
8124.8754954365313097
8294.3110303518078581
8473.9055488315570983
8654.0767016769405018
8851.3854870710201794
9025.7928504390947637
9196.4728671944849339
9394.6180168485079776
9578.4689562807325274
9751.9016020325270802
9927.3739931418567721
10108.0027834349639306
10291.2924217250056245
10488.3660631413149531
10699.0673164490635827
10899.9440334818555129
11067.9991142975068215
11275.7112089897054830
11457.7123085432685912
11644.7524371844956477
11826.3652698532241629
12013.7699792780458665
12204.7408860744217236
12394.6851042435919226
12580.1755243281131698
12765.7129745150832605
12946.9544601350080484
13131.5595525789285603
13319.1026952711126796
13504.8397942900446651
13691.8200652205850929
13878.6601473850696493
14055.7551415114794509
14253.5610600481850270
14441.2884402088584466
14615.2877949693156552
14806.4190730827722291
14990.3951807852881757
15177.9368811591048143
15377.5968239255216758
15561.8931022152501100
15752.4595963469564595
15921.5449232419941836
16103.0735793786825525
16306.9230388237137959
16485.3011872047427460
16694.5543062289216323
16883.8989638244493108
17069.7342787282614154
17269.1686448456930520
17466.8076606588801951
17632.7439652936300263
17823.0286688235246402
17997.3945894973039685
18185.4707517319075123
18370.4080679861981480
18566.6730217452932266
18741.9410564824429457
18931.2126393524449668
19126.2222137800963537
19305.6934128199100087
19486.1725845110777300
19692.2451301582477754
19885.3610799896632670
20087.0771166296872252
20273.0078182917859522
20475.2496877526828030
20657.4761482650465041
20832.7434143017198949
21002.8519243279370130
21182.2898228658777953
21358.4538657346856780
21541.8917979007128451
21745.5149301727178681
21919.9082963627115532
22107.2322647736291401
22274.0743761520134285
22446.4441365320781188
22632.2442452520263032
22805.7703129359470040
22980.9215365837808349
23139.0566092196822865
23308.7928835963648453
23495.5636190150689799
23692.7326461996162834
23883.4854236898718227
24058.0273534005536931
24264.9231602027248300
24440.0713433435812476
24628.5940140154307301
24799.5761524274603289
24983.0723100778595835
25185.1468390523405105
25386.3372126575559378
25568.6477285525870684
25735.7275829230566160
25920.9203912150987890
26098.6253670946171042
26291.6912498345991480
26475.8651620273267326
26660.2030177489941707
26836.5114322207737132
27020.5392526551368064
27194.6919510908992379
27388.2378172763128532
27537.6158708555449266
27727.7579089441351243
27922.8120814685389632
28113.4888834568700986
28291.7172576949997165
28471.2900886127463309
28644.5863872897498368
28823.1869663803008734
28998.9231328171008499
29171.5369943561927357
29363.1436246244193171
29550.1097749519503850
29725.2368635100719985
29903.7055481191273429
30086.6313852727398626
30282.4616760463250102
30449.0907229025578999
30626.6578723189340963
30799.6676683150617464
30966.1117145601419907
31129.8692556944442913
31331.1628624343102274
31499.3206582151833572
31673.7287357118002546
31879.3160866143443855
32071.5817551950094639
32255.3567556550806330
32431.6615814589822548
32612.3809964083702653
32810.8992977030720795
32996.7552696819111588
33186.0913084339408670
