THIS IS MIXED PRECISION
20000
180.2407833858691504
367.8518795875228875
559.8185156709265584
755.1845759867831021
937.1127228930703268
1117.0855311310481284
1303.0101791052143199
1484.9546689548192262
1657.2059106622048148
1840.5538794301137386
2020.7961280825106769
2191.9411956597368771
2348.2562459927708005
2535.3337530084208993
2694.7896095561791299
2886.3443219000737372
3079.6646005130451158
3278.2543497817928255
3464.9187717166246330
3652.5712956544120971
3832.3556426952591210
4019.1633692675113707
4198.8285525141473045
4381.9657532616292883
4548.9859939845828194
4739.0231667203306642
4939.9266401137483626
5113.7501310531288254
5279.3535311215846377
5473.9359557973457413
5666.0063655858675702
5869.4194344010138593
6055.0691555392641021
6244.3485292894401937
6433.3839045421727860
6618.4701332190252288
6812.1010117904925210
7001.3810802812467955
7175.7299779186905653
7374.3435227148111153
