THIS IS MIXED PRECISION
80000
180.2407833858691504
367.8518795875228875
559.8185156709265584
755.1845759867831021
937.1127228930703268
1117.0855311310481284
1303.0101791052143199
1484.9546689548192262
1657.2059106622048148
1840.5538794301137386
2020.7961280825106769
2191.9411956597368771
2348.2562459927708005
2535.3337530084208993
2694.7896095561791299
2886.3443219000737372
3079.6646005130451158
3278.2543497817928255
3464.9187717166246330
3652.5712956544120971
3832.3556426952591210
4019.1633692675113707
4198.8285525141473045
4381.9657532616292883
4548.9859939845828194
4739.0231667203306642
4939.9266401137483626
5113.7501310531288254
5279.3535311215846377
5473.9359557973457413
5666.0063655858675702
5869.4194344010138593
6055.0691555392641021
6244.3485292894401937
6433.3839045421727860
6618.4701332190252288
6812.1010117904925210
7001.3810802812467955
7175.7299779186905653
7374.3435227148111153
7564.2583520465459515
7742.3327841408536187
7928.0640332079838117
8124.8755940610644757
8294.3111320661009813
8473.9056529170829890
8654.0768084062037815
8851.3855963432579301
9025.7929618746256892
9196.4729810022945458
9394.6181328948132432
9578.4690751937705500
9751.9017236307772691
9927.3741163610193325
10108.0029082028122502
10291.2925489748558903
10488.3661925185879227
10699.0674474157749501
10899.9441666898146650
11067.9992504916135658
11275.7113476727317902
11457.7124491915910767
11644.7525795950095926
11826.3654150234360714
12013.7701268830096524
12204.7410364353709156
12394.6852566825218673
12580.1756788657985453
12765.7131310122476862
12946.9546194862450648
13131.5597136755022802
13319.1028588664867129
13504.8399600467764685
13691.8202328798506642
13878.6603176161243027
14055.7553137026479817
14253.5612347599053464
14441.2886176559022715
14615.2879749248913868
14806.4192552098138549
14990.3953653582993866
15177.9370683891902445
15377.5970140624231135
15561.8932949787576945
15752.4597912110129982
15921.5451198768350878
16103.0737786816698645
16306.9232403584701387
16485.3013907447129895
16694.5545121851828299
16883.8991723561557592
17069.7344899592899310
17269.1688584004368749
17466.8078770025531412
17632.7441837377191405
17823.0288896959500562
17997.3948122894544213
18185.4709763900937105
18370.4082946985254239
18566.6732506956323050
18741.9412876173737459
18931.2128724778121978
19126.2224490940643591
19305.6936501027594204
19486.1728237674760749
19692.2453720309604250
19885.3613237688696245
20087.0773631730153284
20273.1638589745598438
20475.4759516994090518
20658.5126048822348821
20833.1973574067487789
21003.0075753653181891
21183.6199071624287171
21358.8452935637724295
21542.1102846475841943
21745.6702038818621077
21920.0784970688619069
22107.3880522185536392
22274.2322980570679647
22446.6015946179832099
22632.7195177818066441
22806.1649743706220761
22981.0770481297840888
23140.2225430443540972
23309.6430999714793870
23495.7375572164855839
23692.8879365713291918
23884.3248282611639297
24058.4558330455110990
24265.8809937308906228
24440.4679047743775300
24628.7864887356518011
24800.5520938533882145
24983.6150229674640286
25185.5562526997382520
25388.5455575837549986
25568.8029699800463277
25736.0507130311707442
25921.3115851169532107
26099.3097115875571035
26291.8551835044672771
26476.0205619877960999
26660.3581508546558325
26836.7184753162946436
27021.7425848242091888
27194.8786355889860715
27388.6513167150515073
27537.9223955884845054
27729.4156501250654401
27924.6171214235437219
28113.6444837222807109
28291.9257046331258607
28471.4574443208912271
28644.9323139528314641
28823.4127226970776974
28999.4858337619298254
29171.7136118076632556
29364.1255403444483818
29550.2766779382036475
