THIS IS MIXED PRECISION
40000
180.2407836914062500
367.8518371582031250
559.8184814453125000
755.1845703125000000
937.1126708984375000
1117.0854492187500000
1303.0098876953125000
1484.9534912109375000
1657.2055664062500000
1840.5538330078125000
2020.7963867187500000
2191.9418945312500000
2348.2565917968750000
2535.3349609375000000
2694.7912597656250000
2886.3469238281250000
3079.6672363281250000
3278.2570800781250000
3464.9206542968750000
3652.5729980468750000
3832.3574218750000000
4019.1645507812500000
4198.8291015625000000
4381.9677734375000000
4548.9882812500000000
4739.0283203125000000
4939.9321289062500000
5113.7548828125000000
5279.6499023437500000
5474.2324218750000000
5666.3032226562500000
5869.7153320312500000
6060.5634765625000000
6245.4257812500000000
6437.7670898437500000
6624.8388671875000000
6818.6318359375000000
7005.6728515625000000
7181.2500000000000000
7378.0527343750000000
7568.9829101562500000
7743.8203125000000000
7931.5078125000000000
8128.6445312500000000
8295.6230468750000000
8475.1738281250000000
8655.8007812500000000
8854.7929687500000000
9032.7685546875000000
9197.3496093750000000
9397.0966796875000000
9581.8476562500000000
9754.4882812500000000
9926.5029296875000000
10108.3164062500000000
10293.7089843750000000
10487.8320312500000000
10699.8349609375000000
10895.6269531250000000
11070.1406250000000000
11277.7158203125000000
11458.9335937500000000
11645.1230468750000000
11826.9960937500000000
12014.0400390625000000
12204.4697265625000000
12394.1406250000000000
12581.7656250000000000
12767.4218750000000000
12948.1474609375000000
13133.5498046875000000
13319.2880859375000000
13506.1904296875000000
13692.8603515625000000
13880.9160156250000000
14057.3281250000000000
14254.1396484375000000
14443.3876953125000000
14615.2841796875000000
14806.5947265625000000
