THIS IS MIXED PRECISION
20000
180.2407836914062500
367.8518371582031250
559.8184814453125000
755.1845703125000000
937.1126708984375000
1117.0854492187500000
1303.0098876953125000
1484.9534912109375000
1657.2055664062500000
1840.5538330078125000
2020.7963867187500000
2191.9418945312500000
2348.2565917968750000
2535.3349609375000000
2694.7912597656250000
2886.3469238281250000
3079.6672363281250000
3278.2570800781250000
3464.9206542968750000
3652.5729980468750000
3832.3574218750000000
4019.1645507812500000
4198.8291015625000000
4381.9677734375000000
4548.9882812500000000
4739.0283203125000000
4939.9321289062500000
5113.7548828125000000
5279.6499023437500000
5474.2324218750000000
5666.3032226562500000
5869.7153320312500000
6060.5634765625000000
6245.4257812500000000
6437.7670898437500000
6624.8388671875000000
6818.6318359375000000
7005.6728515625000000
7181.2500000000000000
7378.0527343750000000
