THIS IS MIXED PRECISION
80000
180.2407836914062500
367.8518371582031250
559.8184814453125000
755.1845703125000000
937.1126708984375000
1117.0854492187500000
1303.0098876953125000
1484.9534912109375000
1657.2055664062500000
1840.5538330078125000
2020.7963867187500000
2191.9418945312500000
2348.2565917968750000
2535.3349609375000000
2694.7912597656250000
2886.3469238281250000
3079.6672363281250000
3278.2570800781250000
3464.9206542968750000
3652.5729980468750000
3832.3574218750000000
4019.1645507812500000
4198.8291015625000000
4381.9677734375000000
4548.9882812500000000
4739.0283203125000000
4939.9321289062500000
5113.7548828125000000
5279.6499023437500000
5474.2324218750000000
5666.3032226562500000
5869.7153320312500000
6060.5634765625000000
6245.4257812500000000
6437.7670898437500000
6624.8388671875000000
6818.6318359375000000
7005.6728515625000000
7181.2500000000000000
7378.0527343750000000
7568.9829101562500000
7743.8203125000000000
7931.5078125000000000
8128.6445312500000000
8295.6230468750000000
8475.1738281250000000
8655.8007812500000000
8854.7929687500000000
9032.7685546875000000
9197.3496093750000000
9397.0966796875000000
9581.8476562500000000
9754.4882812500000000
9926.5029296875000000
10108.3164062500000000
10293.7089843750000000
10487.8320312500000000
10699.8349609375000000
10895.6269531250000000
11070.1406250000000000
11277.7158203125000000
11458.9335937500000000
11645.1230468750000000
11826.9960937500000000
12014.0400390625000000
12204.4697265625000000
12394.1406250000000000
12581.7656250000000000
12767.4218750000000000
12948.1474609375000000
13133.5498046875000000
13319.2880859375000000
13506.1904296875000000
13692.8603515625000000
13880.9160156250000000
14057.3281250000000000
14254.1396484375000000
14443.3876953125000000
14615.2841796875000000
14806.5947265625000000
14990.1718750000000000
15176.4833984375000000
15379.8515625000000000
15563.3603515625000000
15752.3320312500000000
15923.4355468750000000
16101.0146484375000000
16305.3759765625000000
16487.6269531250000000
16695.5390625000000000
16883.1464843750000000
17071.8261718750000000
17270.1425781250000000
17468.9160156250000000
17633.3378906250000000
17824.0292968750000000
17997.6425781250000000
18184.6875000000000000
18373.1816406250000000
18567.8203125000000000
18742.5820312500000000
18933.2558593750000000
19126.9101562500000000
19306.5898437500000000
19487.1093750000000000
19695.4570312500000000
19886.6582031250000000
20089.0371093750000000
20274.5292968750000000
20475.5566406250000000
20659.6523437500000000
20833.5585937500000000
21003.5078125000000000
21183.1093750000000000
21360.8652343750000000
21543.3769531250000000
21745.2890625000000000
21923.0292968750000000
22108.6660156250000000
22275.7265625000000000
22445.0332031250000000
22633.4492187500000000
22807.8437500000000000
22982.3125000000000000
23141.9902343750000000
23309.9082031250000000
23495.7324218750000000
23694.1093750000000000
23884.1992187500000000
24057.4843750000000000
24261.9707031250000000
24442.3105468750000000
24631.7734375000000000
24800.0898437500000000
24985.5136718750000000
25185.2890625000000000
25387.5839843750000000
25570.9648437500000000
25737.2597656250000000
25921.7226562500000000
26101.1835937500000000
26291.9238281250000000
26475.8339843750000000
26656.5058593750000000
26838.1191406250000000
27022.1074218750000000
27194.2773437500000000
27388.1015625000000000
27537.9609375000000000
27731.0507812500000000
27926.2753906250000000
28113.9980468750000000
28292.0859375000000000
28472.1738281250000000
28642.9296875000000000
28822.7109375000000000
29000.1777343750000000
29174.4023437500000000
29364.2050781250000000
29551.4277343750000000
